[square.jpg]
filters=crop64=1,9120000f89bffa9;crop64=1,91203b3f89bfbf6;
crop=rect64(91203b3f89bfbf6)
moddate=00001be762d30000
width=762
height=761
textactive=0
[turtle-bg.jpg]
filters=finetune2=1,0.222222,0.106667,0.190877,00000000,0.000000;glow2=1,0.650000,3.000000;autocolor=1;finetune2=1,0.000000,0.025263,0.000000,00000000,0.000000;
moddate=00009e4cbbd30000
width=4492
height=2964
textactive=0
